camera_matrix:
- - 694.9037418394498
  - 0.0
  - 636.0564544346978
- - 0.0
  - 689.5323092243689
  - 316.3811356916977
- - 0.0
  - 0.0
  - 1.0
dist_coefs:
- - -0.012302828869692372
  - 0.09200883808036196
  - -0.000278768618701951
  - 0.0010208326739726762
  - -0.0915429004177553
rms: 0.6881231990433463
