camera_matrix:
- - 698.8659725916809
  - 0.0
  - 633.1176930112654
- - 0.0
  - 704.7064524738608
  - 309.9345501645288
- - 0.0
  - 0.0
  - 1.0
dist_coefs:
- - -0.004472689552934107
  - 0.027258365149332407
  - -0.001164859343316995
  - -6.353737717653848e-05
  - -0.020264132041178887
rms: 1.149136697877071
